0.37290823
0.500219707
0.364013692
0.426105522
1.269102799
0.466924814
0.31741095
0.209193309
0.406752084
0.280865865
0.423686316
0.297985479
0.792500033
1.181444381
0.70799344
1.096812539
0.437771461
1.506391585
0.311640733
0.59090348
1.101267008
0.439447997
-0.112904232
0.854920319
0.194182224
0.32270167
1.657803157
0.430687383
0.35769482
0.282548976
0.263633426
0.283975479
0.86802792
0.684593586
1.115992104
0.617992813
0.507382442
0.642677011
0.338158419
0.610909576
1.503047141
-0.425025269
-0.203407331
0.34662845
0.849999423
0.114855705
0.287847361
0.593205159
1.250438198
0.345514343
0.353894864
0.321762797
0.795673793
0.606849427
0.891154097
0.318077601
0.748694536
1.156481718
0.927772799
1.423967829
0.935002827
0.153060926
0.667379059
-0.145924166
1.025938947
1.415879917
1.265062551
1.253021344
0.383771207
-0.152323522
1.335316451
1.372178144
0.377695371
0.30409586
-0.205375699
1.06525692
1.029548135
-0.098551531
0.288119187
0.196647071
-0.586303058
0.281442914
0.613288054
0.382947156
0.61309421
0.929112193
0.642205478
0.538841005
0.160854754
1.166323755
0.637537007
1.111020582
1.14077388
0.739076741
1.641925203
1.031228593
0.503769115
0.289238575
0.981047391
1.179588833
-0.479474849
0.573351704
1.138420017
-0.174568129
0.443350771
0.173555942
0.34621179
-0.314362345
-0.337514984
0.735892281
0.289098819
0.309878001
0.866554673
0.480703636
0.455955979
-0.135006331
0.791560316
0.466202357
0.144293992
0.739255359
0.846501152
0.527088436
0.478121837
1.27059813
0.602957629
0.409150136
0.115042225
0.871889508
0.988485201
0.630743042
0.391890961
0.673686263
-0.267691719
0.415288853
0.810180056
0.494029141
0.115883794
0.641895762
0.120938982
1.303276117
0.636402946
0.186815774
0.483891315
0.845624544
0.536518695
0.563828551
0.402722871
0.103493513
0.819434924
1.50735364
0.096917064
1.158472616
0.303525034
0.959207816
0.179613881
0.940790391
0.615698079
0.458432718
-0.18345351
0.331163417
0.369205578
0.863371088
-0.175232915
0.453976917
0.956009106
0.60686377
0.281947126
1.145930871
0.236535661
0.583397322
0.269981555
0.112824926
1.107670075
1.071485852
0.784003487
0.17764181
0.328320987
0.161852329
1.467400036
0.817189179
0.916118146
0.746422114
0.292521481
-0.641121425
0.149724627
-0.284056222
0.668730196
0.254094079
0.996979265
0.997725349
0.148308727
1.481538564
0.474745071
0.567746581
0.70464918
0.343178883
0.655911208
0.841422594
0.641265384
0.42834829
0.428206578
1.05531143
0.144933262
0.383753381
0.410813113
0.30319749
-0.203091365
0.771566874
0.988782856
0.968761395
0.176692557
0.178533051
0.608123684
0.739535387
1.185877637
1.388169062
0.789297326
-0.388225697
0.07898959
0.722055327
0.459579436
0.214572223
-0.346200868
1.039304374
-0.592981611
-0.07124585
0.931368386
0.733106636
0.423461238
0.700777154
-0.148799786
0.239240518
0.640012909
0.760699149
-0.185573622
1.104078918
0.958801415
0.283301734
1.184036734
1.296682237
1.024457615
0.091973984
0.115427308
0.819844467
0.079002739
0.366143989
0.390785128
0.149390487
1.310882338
0.999974102
0.240996564
1.309827294
0.247591256
1.208246037
0.289774723
-0.296733166
0.435019677
0.513673402
0.743875725
1.226916415
0.457418462
-0.092746031
0.60353157
0.159994273
0.234766684
-0.225777321
0.417022005
1.172726774
1.363977649
1.041549935
1.229407029
-0.079203752
1.209474729
-0.125710536
0.675585784
0.455930467
0.6983746
0.084908263
0.597323961
1.262157464
1.149635378
1.502773391
0.952867616
0.370062575
0.725752002
1.196574656
-0.072582754
1.480812784
0.123381408
0.221036338
0.869488901
0.313662363
0.335943236
0.889336784
0.241789158
0.871116257
0.696452593
0.425598189
0.180729713
1.47354903
0.165643427
0.982167487
0.966636608
0.433279816
0.290563281
-0.287338714
0.899058232
-0.080129877
0.664259989
1.044809334
0.491436779
0.178394506
1.054948604
0.959043933
0.674852383
0.289109019
0.829728383
0.530323876
-0.319578502
0.262785306
1.018548467
-0.18988315
0.210564675
1.267706772
0.736075095
-0.145894349
0.268414101
0.169140639
0.940895177
0.995265428
0.181257926
0.433044729
0.873462269
1.387368575
0.275249647
0.081668624
0.515154131
0.639747906
0.305293216
-0.110488854
1.073116784
0.137824999
0.891918753
0.381068732
0.658803302
0.821112262
0.757826401
0.545416228
-0.453936879
1.096594434
0.511291275
0.285453417
-0.4042324
-0.220201202
0.272718657
0.36808159
0.109019266
1.062490307
1.227455226
0.179976888
0.342531845
0.461316659
0.901159242
0.769227027
1.387878283
-0.650301234
0.652225495
0.857513346
0.866674766
-0.307425018
0.425434167
-0.243242461
0.618507019
1.007847983
1.463330216
0.785689684
0.476187708
1.058876413
0.383120187
-0.105678878
0.900763798
-0.144667298
-0.096506297
1.491730523
1.071264295
0.774217083
0.722705046
0.38054814
1.315951806
0.72962758
1.006666103
0.164200915
0.994495087
0.776519293
0.197114837
0.366076688
0.648867755
0.648059902
0.343474015
1.099031044
-0.180664403
-0.239827426
0.763496321
0.723627087
1.189284037
0.942741916
1.315743931
0.561028156
0.222501863
-0.247669359
0.757320791
0.232947607
0.356492018
-0.156054931
0.141789604
0.654179019
0.554527089
0.258496157
0.891046948
0.635922576
0.44003659
1.183765001
0.760925382
0.804084407
1.146541068
-0.076684889
1.157835482
0.219313047
-0.102510519
0.416000297
0.136294398
0.610365368
0.523406047
0.564461646
0.39488842
1.062796671
-0.099406696
1.382130572
0.572647212
1.142045134
0.499248877
0.700148491
0.287472559
0.711962702
0.501651255
0.309610821
0.598526689
-0.328919928
0.47042746
0.903953415
0.581790987
0.549409857
0.5362464
0.94690818
0.391976526
0.706191086
0.578460489
0.224306403
0.722988745
1.183231249
1.01446746
0.242790888
-0.150581328
0.398956786
0.389909295
0.556126532
-0.340866221
0.224186262
0.279191095
-0.178265951
1.098297846
0.466728553
0.398342989
0.806177766
0.166588332
-0.164438231
1.155340097
0.454266853
0.588838673
1.055066499
0.214784121
-0.295928884
0.108307632
0.830720038
1.326873768
0.987799672
0.105564076
1.010836073
0.881930229
-0.222340176
0.112034229
-0.155212449
0.081918644
0.329878644
0.278856666
0.521791093
0.66129916
0.077404651
0.559713497
1.113641784
0.819983826
0.251558682
0.300321012
0.588052404
0.130684446
0.807764858
0.34196798
0.415752951
1.07648649
0.664035037
1.044765769
0.622730554
-0.149645554
0.34017947
0.721708131
0.535806212
0.082125924
0.823813278
1.384513336
0.387859221
0.571765743
0.404641168
0.918690589
0.776124574
0.361008911
0.235040182
1.120550188
-0.202650126
1.163553394
0.105911999
0.522300347
0.245565552
0.985101451
1.150087589
-0.086508005
0.330553456
0.189794191
0.464409564
-0.527044808
0.690313359
0.43199942
0.893241042
0.907549044
0.2513059
0.662050097
0.487440761
0.319957312
0.364599878
0.383890939
0.329791635
0.282758191
-0.247202836
0.653175417
0.174817098
0.212453518
1.148039906
1.171738297
0.104337368
0.599157892
0.154445874
-0.109395802
0.362547483
0.825590938
1.008576516
0.294165408
1.341178108
0.522666735
-0.270147683
0.815412511
0.192991576
0.222233433
1.313923223
-0.207419918
-0.090212768
0.860211643
0.61512979
0.514657956
0.910724054
0.686912373
0.264900758
0.714831332
0.232539877
1.316699786
0.222226394
0.723652223
1.021637769
0.12199327
0.113087584
0.660112786
0.168759432
0.083660913
0.244326852
0.622816155
0.183896111
0.991257894
1.109413121
0.796580398
0.112420465
0.92829091
0.482954959
0.86786658
0.684230493
0.347888516
0.150969187
0.569523813
0.512795708
-0.071301073
0.306817486
0.480731565
0.841381089
-0.287140832
-0.127253748
0.316641236
0.080246728
-0.147814825
0.690995133
1.003217699
0.914963863
0.220880245
1.109651328
0.976606668
0.979725526
0.814848698
0.244659018
0.172606347
-0.173554622
-0.076520569
0.876466643
0.580514149
0.14638962
0.483248643
0.927076526
0.570648613
-0.253712059
0.520242101
1.117360686
1.26028973
-0.112168655
0.268936372
0.636879864
0.813575219
0.888121063
-0.501765832
0.750438973
1.158076235
0.401146681
0.303834402
0.787924665
0.546129755
-0.198504796
0.682434352
0.754891605
0.225833928
0.963211389
-0.266714276
0.984820577
1.079903937
0.648088836
1.382677886
0.271034385
0.205105827
0.081142434
0.360744945
0.651139351
0.13627199
0.256298915
0.171620918
0.319935231
0.727638141
1.048220024
0.335168174
0.298542469
0.635785531
-0.151065577
0.618435186
0.526146193
1.091637954
0.384392781
0.613033376
0.197204111
0.364412509
0.504084419
0.887274585
0.908645043
0.238961592
0.475171328
0.430733599
0.616043671
0.891091947
0.794897139
0.739726244
0.50589535
-0.165000971
0.74505227
0.451110156
0.291864152
0.964271416
0.348670225
-0.102037087
0.418480559
0.425138626
1.204478118
0.419484703
0.089285891
-0.129157617
0.833993426
0.520045535
-0.368842484
-0.578586108
0.238633794
0.082473427
1.079137804
0.796909892
0.815951056
0.76233552
0.721777838
1.012371115
1.046649387
0.236713673
0.282965496
1.017599459
1.074708514
0.299242782
0.458035979
0.273601896
1.349324254
-0.241464529
0.255917109
0.122590397
0.602985958
0.255640858
0.168499035
0.996729117
0.566738213
0.988496078
0.694104307
0.332281707
1.464299412
-0.422505032
0.130842868
0.924891929
1.347752593
0.243700536
0.86275862
0.238402307
0.424456367
-0.079498568
0.63694634
-0.543434915
-0.111760025
0.238998628
0.101265529
-0.105525933
0.670549274
0.663351247
0.247630355
0.258243331
0.566281856
0.431857586
1.228166097
0.442336887
0.469962137
0.175995709
1.316447559
-0.168922618
0.25869294
0.45658512
0.140460223
0.637518204
0.968422087
0.64470512
0.983061518
0.771500435
0.608065611
0.542068608
1.167784479
0.493563946
0.730142601
-0.08180344
1.166392187
1.243114708
0.648670068
0.551004605
0.740813263
0.935476238
0.636703353
1.073711229
0.136997337
0.350747704
-0.237902105
0.244191969
1.175027588
0.277511181
0.16365678
0.90909853
0.79886235
1.162431377
0.871757334
0.100317047
0.415434626
1.037740034
0.769207772
1.046457849
0.248277492
0.816117601
0.18431763
-0.080584308
0.44227771
1.122761862
0.976194161
0.71353268
0.992673971
1.194429651
0.44605911
0.953169458
0.219217793
1.225872313
0.920082477
0.734386129
-0.088740731
0.66308772
0.992043347
0.739696805
0.836224136
-0.195892591
0.491233171
0.700510187
0.851995888
0.225762195
0.476439494
0.175820426
0.599241804
0.13421507
0.256872712
0.349037477
0.636307615
0.480586713
0.707966102
0.285700456
0.492472949
0.162743888
0.38108826
0.946034706
0.21227566
0.491905706
0.742750354
0.099421905
1.259599985
0.216781087
0.347841127
0.732777194
-0.157100883
0.376914878
0.93979677
0.637563483
1.134072865
0.178471996
0.750409221
0.213798387
1.057978115
1.122240527
1.083772946
0.794991192
0.598933879
1.021532603
0.341909506
-0.152640191
0.141393651
1.095537291
0.759238305
0.882110911
0.467789464
1.2235018
0.729933237
1.21190105
0.260550004
0.287253851
0.318101484
0.636956409
0.9321569
0.860437192
0.187821787
0.259872478
-0.078228614
0.75621293
1.125387166
0.244903281
0.484473879
0.792171183
1.282694113
0.8055006
0.170898981
-0.390717658
0.847724378
0.700926616
0.659828905
0.49653055
0.462857989
0.587879156
0.377033173