0.37290823
0.364013692
0.426105522
1.269102799
0.792500033
1.181444381
0.70799344
1.096812539
0.437771461
1.506391585
0.59090348
1.101267008
0.439447997
0.854920319
1.657803157
0.430687383
0.86802792
0.684593586
1.115992104
0.610909576
1.503047141
0.849999423
0.593205159
1.250438198
0.353894864
0.795673793
0.891154097
0.748694536
1.156481718
0.927772799
1.423967829
0.935002827
0.667379059
1.025938947
1.415879917
1.265062551
1.253021344
1.335316451
1.372178144
0.30409586
1.06525692
1.029548135
0.613288054
0.929112193
0.538841005
1.166323755
0.637537007
1.111020582
1.14077388
0.739076741
1.641925203
1.031228593
0.981047391
1.179588833
1.138420017
0.735892281
0.866554673
0.480703636
0.791560316
0.739255359
0.846501152
0.527088436
0.478121837
1.27059813
0.602957629
0.409150136
0.871889508
0.988485201
0.630743042
0.673686263
0.810180056
0.641895762
1.303276117
0.636402946
0.845624544
0.536518695
0.563828551
0.819434924
1.50735364
1.158472616
0.959207816
0.863371088
0.956009106
0.60686377
0.281947126
1.145930871
1.107670075
1.071485852
1.467400036
0.817189179
0.916118146
0.996979265
0.997725349
1.481538564
0.567746581
0.655911208
1.05531143
0.771566874
0.988782856
0.968761395
1.185877637
1.388169062
0.789297326
1.039304374
0.931368386
0.423461238
0.700777154
0.760699149
1.104078918
0.958801415
1.184036734
1.296682237
1.024457615
0.819844467
1.310882338
0.999974102
1.309827294
1.208246037
1.226916415
0.457418462
0.60353157
1.172726774
1.363977649
1.041549935
1.229407029
1.209474729
0.675585784
1.262157464
1.149635378
1.502773391
0.952867616
1.196574656
-0.066461571
1.480812784
0.869488901
0.889336784
0.241789158
0.871116257
1.47354903
0.165643427
0.982167487
0.966636608
0.899058232
1.044809334
1.054948604
0.959043933
0.829728383
0.530323876
1.018548467
0.210564675
1.267706772
0.736075095
0.940895177
0.995265428
1.387368575
1.073116784
0.891918753
0.821112262
1.096594434
1.062490307
1.227455226
0.901159242
0.769227027
1.387878283
0.857513346
0.866674766
1.007847983
1.463330216
0.785689684
0.476187708
1.058876413
0.900763798
1.491730523
1.071264295
0.774217083
0.722705046
1.315951806
0.72962758
1.006666103
0.994495087
0.776519293
0.648867755
0.648059902
1.099031044
1.189284037
0.942741916
1.315743931
0.757320791
0.554527089
0.635922576
1.183765001
0.760925382
0.804084407
1.146541068
1.157835482
0.610365368
0.564461646
1.062796671
1.382130572
1.142045134
0.700148491
0.598526689
0.903953415
0.549409857
0.94690818
0.722988745
1.183231249
1.01446746
0.556126532
0.279191095
1.098297846
0.466728553
0.806177766
1.155340097
1.055066499
1.326873768
1.010836073
0.881930229
0.66129916
0.559713497
1.113641784
0.819983826
0.588052404
0.807764858
1.07648649
0.664035037
1.044765769
0.721708131
0.535806212
0.823813278
1.384513336
0.776124574
1.120550188
1.163553394
0.985101451
1.150087589
0.690313359
0.893241042
0.907549044
0.2513059
0.662050097
0.487440761
1.148039906
1.171738297
0.599157892
0.825590938
1.008576516
1.341178108
0.815412511
1.313923223
0.860211643
0.61512979
0.910724054
0.714831332
1.316699786
0.723652223
1.021637769
0.660112786
0.622816155
0.991257894
1.109413121
0.796580398
0.92829091
0.86786658
0.480731565
0.841381089
0.690995133
1.003217699
0.914963863
1.109651328
0.976606668
0.979725526
0.814848698
0.876466643
0.483248643
0.927076526
0.570648613
0.520242101
1.117360686
1.26028973
0.268936372
0.636879864
0.813575219
0.888121063
0.750438973
1.158076235
0.787924665
0.546129755
0.682434352
0.754891605
0.963211389
0.984820577
1.079903937
1.382677886
0.651139351
0.727638141
1.048220024
0.618435186
1.091637954
0.613033376
0.887274585
0.908645043
0.891091947
0.74505227
0.964271416
1.204478118
0.419484703
0.833993426
1.079137804
0.796909892
0.815951056
0.76233552
0.721777838
1.012371115
1.046649387
1.017599459
1.074708514
1.349324254
0.602985958
0.996729117
0.566738213
0.988496078
0.332281707
1.464299412
0.924891929
1.347752593
0.86275862
0.63694634
0.670549274
0.566281856
0.431857586
1.228166097
0.469962137
0.175995709
1.316447559
0.637518204
0.968422087
0.983061518
0.542068608
1.167784479
0.493563946
0.730142601
1.166392187
1.243114708
0.551004605
0.935476238
0.636703353
1.073711229
1.175027588
0.90909853
0.79886235
1.162431377
0.871757334
1.037740034
1.046457849
0.816117601
1.122761862
0.976194161
0.71353268
0.992673971
1.194429651
0.953169458
1.225872313
0.920082477
0.734386129
0.66308772
0.992043347
0.836224136
0.700510187
0.851995888
0.599241804
0.480586713
0.707966102
0.491905706
1.259599985
0.93979677
1.134072865
1.057978115
1.122240527
1.083772946
1.021532603
1.095537291
0.759238305
0.882110911
0.467789464
1.2235018
1.21190105
0.287253851
0.9321569
0.860437192
1.125387166
1.282694113
0.8055006
0.847724378
0.700926616
0.587879156