0.070677969
-0.05209815
-0.065174459
-0.013819356
-0.048535123
0.070667701
0.02907833
-0.019680201
0.033173933
-0.029563951
0.056885275
0.037426098
-0.025259027
-0.059133702
-0.01790325
0.036213554
-0.01037749
0.029811328
0.04270465
0.069957321
-0.040425858
0.045394071
-0.037300019
0.018457977
0.044333958
0.002665076
-0.015499459
-0.037883582
0.052502372
0.01943008
-0.018595259
-0.066461571
0.05619626
0.010263679
0.056633745
0.053678566
-0.012892079
0.036528226
-0.023008251
0.05261679
0.030708983
0.018654879
-0.016350954
-0.035520808
0.052224256
0.053427023
0.0128066
0.073505072
-0.063785716
-0.067478425
0.043857321
0.018232326
0.039282475
0.028651861
0.033144395
-0.049686466
-0.05001312
-0.033201474
-0.059408369
0.064724151
-0.019890755
0.032103881
0.031784571
-0.02991785
0.067517714
0.001696093
-0.030478283
-0.029773878
0.01096142
0.02085436
0.025108746
0.009031149
0.008449605
0.041315149
0.07054044
0.033560521
0.046046263
-0.032749793
0.044124143
0.021545984
3.05E-04
0.034557962
-0.016949379
-0.043545598
-6.88E-04
0.043278027
-0.00533379
-0.063204179
0.064184725
0.074353321
-0.03515883
-4.72E-04
0.062026621
0.002846698
-0.030407262
-0.014396666
0.022313205
-0.019337236
-0.055952811
-0.023412203