0.500219707
0.070677969
0.466924814
0.31741095
0.209193309
0.406752084
0.280865865
0.423686316
0.297985479
-0.05209815
0.311640733
-0.112904232
0.194182224
0.32270167
-0.065174459
0.35769482
0.282548976
0.263633426
-0.013819356
0.283975479
0.617992813
0.507382442
-0.048535123
0.642677011
0.338158419
-0.425025269
-0.203407331
0.34662845
0.114855705
0.070667701
0.287847361
0.345514343
0.321762797
0.02907833
0.606849427
0.318077601
-0.019680201
0.153060926
-0.145924166
0.383771207
-0.152323522
0.377695371
0.033173933
-0.205375699
-0.029563951
0.056885275
-0.098551531
0.288119187
0.196647071
-0.586303058
0.281442914
0.037426098
0.382947156
0.61309421
0.642205478
0.160854754
-0.025259027
0.503769115
0.289238575
-0.479474849
0.573351704
-0.174568129
0.443350771
0.173555942
0.34621179
-0.314362345
-0.059133702
-0.337514984
-0.01790325
0.289098819
0.309878001
0.036213554
-0.01037749
0.455955979
-0.135006331
0.466202357
0.144293992
0.029811328
0.04270465
0.115042225
0.391890961
-0.267691719
0.415288853
0.494029141
0.115883794
0.120938982
0.186815774
0.483891315
0.069957321
-0.040425858
0.045394071
0.402722871
0.103493513
0.096917064
-0.037300019
0.303525034
0.179613881
0.940790391
0.615698079
0.458432718
-0.18345351
0.018457977
0.331163417
0.369205578
-0.175232915
0.453976917
0.236535661
0.583397322
0.269981555
0.112824926
0.784003487
0.17764181
0.328320987
0.161852329
0.746422114
0.292521481
-0.641121425
0.044333958
0.149724627
-0.284056222
0.668730196
0.254094079
0.148308727
0.474745071
0.70464918
0.343178883
0.841422594
0.641265384
0.42834829
0.428206578
0.144933262
0.383753381
0.410813113
0.30319749
-0.203091365
0.176692557
0.178533051
0.608123684
0.739535387
-0.388225697
0.07898959
0.722055327
0.459579436
0.214572223
-0.346200868
-0.592981611
-0.07124585
0.002665076
0.733106636
-0.148799786
0.239240518
0.640012909
-0.185573622
0.283301734
0.091973984
0.115427308
0.079002739
0.366143989
0.390785128
0.149390487
-0.015499459
0.240996564
0.247591256
0.289774723
-0.296733166
0.435019677
0.513673402
0.743875725
-0.037883582
0.052502372
-0.092746031
0.159994273
0.01943008
0.234766684
-0.225777321
0.417022005
-0.079203752
-0.125710536
0.455930467
0.6983746
0.084908263
0.597323961
0.370062575
0.725752002
-0.018595259
-0.072582754
0.123381408
0.221036338
0.313662363
0.335943236
0.696452593
0.425598189
0.180729713
0.05619626
0.433279816
0.290563281
-0.287338714
-0.080129877
0.664259989
0.491436779
0.178394506
0.674852383
0.289109019
-0.319578502
0.262785306
-0.18988315
-0.145894349
0.010263679
0.268414101
0.169140639
0.181257926
0.433044729
0.873462269
0.275249647
0.081668624
0.515154131
0.639747906
0.305293216
-0.110488854
0.056633745
0.053678566
0.137824999
0.381068732
-0.012892079
0.658803302
0.036528226
-0.023008251
0.757826401
0.545416228
-0.453936879
0.511291275
0.285453417
-0.4042324
-0.220201202
0.272718657
0.36808159
0.109019266
0.179976888
0.342531845
0.461316659
-0.650301234
0.652225495
0.05261679
-0.307425018
0.030708983
0.425434167
-0.243242461
0.618507019
0.018654879
0.383120187
-0.016350954
-0.105678878
-0.144667298
-0.096506297
-0.035520808
0.38054814
0.052224256
0.053427023
0.164200915
0.197114837
0.366076688
0.0128066
0.343474015
-0.180664403
-0.239827426
0.763496321
0.723627087
0.561028156
0.222501863
-0.247669359
0.232947607
0.356492018
0.073505072
-0.156054931
0.141789604
-0.063785716
0.654179019
0.258496157
0.891046948
0.44003659
-0.067478425
-0.076684889
0.219313047
-0.102510519
0.043857321
0.416000297
0.136294398
0.523406047
0.39488842
-0.099406696
0.572647212
0.018232326
0.499248877
0.287472559
0.711962702
0.501651255
0.309610821
-0.328919928
0.47042746
0.581790987
0.5362464
0.391976526
0.706191086
0.578460489
0.224306403
0.242790888
-0.150581328
0.398956786
0.389909295
-0.340866221
0.224186262
-0.178265951
0.039282475
0.398342989
0.166588332
-0.164438231
0.454266853
0.588838673
0.214784121
-0.295928884
0.108307632
0.830720038
0.028651861
0.987799672
0.105564076
0.033144395
-0.222340176
0.112034229
-0.155212449
0.081918644
0.329878644
0.278856666
0.521791093
0.077404651
-0.049686466
0.251558682
0.300321012
0.130684446
0.34196798
0.415752951
0.622730554
-0.149645554
0.34017947
0.082125924
0.387859221
0.571765743
0.404641168
0.918690589
0.361008911
0.235040182
-0.202650126
0.105911999
0.522300347
0.245565552
-0.05001312
-0.086508005
0.330553456
0.189794191
0.464409564
-0.527044808
-0.033201474
0.43199942
0.319957312
0.364599878
0.383890939
-0.059408369
0.329791635
0.282758191
0.064724151
-0.247202836
0.653175417
0.174817098
0.212453518
0.104337368
0.154445874
-0.109395802
0.362547483
0.294165408
0.522666735
-0.270147683
0.192991576
0.222233433
-0.207419918
-0.090212768
-0.019890755
0.514657956
0.686912373
0.264900758
0.232539877
0.032103881
0.222226394
0.031784571
0.12199327
0.113087584
0.168759432
-0.02991785
0.083660913
0.244326852
0.183896111
0.112420465
0.482954959
0.684230493
0.347888516
0.150969187
0.569523813
0.512795708
-0.071301073
0.306817486
0.067517714
-0.287140832
-0.127253748
0.316641236
0.080246728
-0.147814825
0.001696093
0.220880245
-0.030478283
0.244659018
-0.029773878
0.172606347
-0.173554622
-0.076520569
0.580514149
0.01096142
0.14638962
-0.253712059
0.02085436
-0.112168655
-0.501765832
0.025108746
0.401146681
0.303834402
-0.198504796
0.225833928
-0.266714276
0.648088836
0.271034385
0.205105827
0.081142434
0.360744945
0.009031149
0.13627199
0.008449605
0.256298915
0.171620918
0.319935231
0.335168174
0.041315149
0.07054044
0.298542469
0.635785531
-0.151065577
0.526146193
0.384392781
0.197204111
0.364412509
0.504084419
0.238961592
0.475171328
0.033560521
0.430733599
0.616043671
0.794897139
0.739726244
0.50589535
-0.165000971
0.451110156
0.291864152
0.348670225
-0.102037087
0.046046263
-0.032749793
0.418480559
0.425138626
0.089285891
0.044124143
0.021545984
-0.129157617
3.05E-04
0.520045535
-0.368842484
-0.578586108
0.238633794
0.082473427
0.034557962
0.236713673
0.282965496
0.299242782
0.458035979
0.273601896
-0.241464529
0.255917109
0.122590397
0.255640858
0.168499035
-0.016949379
0.694104307
-0.422505032
0.130842868
-0.043545598
-6.88E-04
0.243700536
0.238402307
0.424456367
0.043278027
-0.079498568
-0.543434915
-0.111760025
0.238998628
0.101265529
-0.105525933
0.663351247
0.247630355
0.258243331
0.442336887
-0.00533379
-0.168922618
0.25869294
0.45658512
0.140460223
0.64470512
0.771500435
0.608065611
-0.08180344
-0.063204179
0.648670068
0.740813263
0.136997337
0.350747704
-0.237902105
0.064184725
0.244191969
0.277511181
0.16365678
0.074353321
0.100317047
0.415434626
-0.03515883
0.769207772
0.248277492
0.18431763
-0.080584308
0.44227771
-4.72E-04
0.062026621
0.002846698
0.44605911
0.219217793
-0.088740731
-0.030407262
0.739696805
-0.195892591
0.491233171
-0.014396666
0.225762195
0.476439494
0.175820426
0.13421507
0.256872712
0.349037477
0.636307615
0.285700456
0.022313205
0.492472949
0.162743888
0.38108826
0.946034706
0.21227566
0.742750354
0.099421905
0.216781087
0.347841127
0.732777194
-0.157100883
0.376914878
0.637563483
0.178471996
0.750409221
0.213798387
0.794991192
0.598933879
0.341909506
-0.152640191
0.141393651
0.729933237
0.260550004
0.318101484
0.636956409
0.187821787
-0.019337236
0.259872478
-0.078228614
0.75621293
-0.055952811
0.244903281
0.484473879
0.792171183
0.170898981
-0.390717658
0.659828905
0.49653055
-0.023412203
0.462857989
0.377033173